x=0.01:0.01:0.99;
f1=[0.5105315947843531 0.5105315947843531 0.5105315947843531 0.5066242713301536 0.5022421524663677 0.5119120342089187 0.5213333333333333 0.5370879120879121 0.5469571750563486 0.5011971268954509 0.4774774774774775 0.517786561264822 0.5182987141444115 0.39766081871345027 0.39766081871345027 0.35648754914809966 0.3569553805774278 0.24745269286754 0.24745269286754 0.24745269286754 0.24745269286754 0.22089552238805968 0.22089552238805968 0.22089552238805968 0.19571865443425074 0.19571865443425074 0.20447284345047922 0.18770226537216828 0.18770226537216828 0.18770226537216828 0.18770226537216828 0.1850649350649351 0.1850649350649351 0.1850649350649351 0.1850649350649351 0.1436077057793345 0.1436077057793345 0.1436077057793345 0.1436077057793345 0.1436077057793345 0.1436077057793345 0.1436077057793345 0.1436077057793345 0.1436077057793345 0.1436077057793345 0.1436077057793345 0.1436077057793345 0.1207815275310835 0.1207815275310835 0.1207815275310835 0.1207815275310835 0.1207815275310835 0.1207815275310835 0.1207815275310835 0.1209964412811388 0.1209964412811388 0.1209964412811388 0.1209964412811388 0.10181818181818184 0.08440366972477065 0.08440366972477065 0.08440366972477065 0.08440366972477065 0.08440366972477065 0.08088235294117647 0.08088235294117647 0.08088235294117647 0.07734806629834254 0.06307977736549165 0.06307977736549165 0.06307977736549165 0.06307977736549165 0.06307977736549165 0.06307977736549165 0.06307977736549165 0.06307977736549165 0.06307977736549165 0.06307977736549165 0.06307977736549165 0.06307977736549165 0.06307977736549165 0.06307977736549165 0.06319702602230484 0.06319702602230484 0.06319702602230484 0.06319702602230484 0.06319702602230484 0.06319702602230484 0.06319702602230484 0.06319702602230484 0.052631578947368425 0.052631578947368425 0.05333333333333334 0.04588910133843212 0.034682080924855495 0.030888030888030885 0.030888030888030885 0.030888030888030885 0.030888030888030885 ];
