x=0.01:0.01:0.99;

p=[0.34276094276094277 0.34276094276094277 0.34276094276094277 0.3468795355587808 0.35137254901960785 0.37145390070921985 0.39455095862764883 0.41288278775079196 0.44282238442822386 0.4220430107526882 0.44093178036605657 0.5208747514910537 0.5219123505976095 0.4913294797687861 0.4913294797687861 0.5354330708661418 0.5375494071146245 0.47752808988764045 0.47752808988764045 0.47752808988764045 0.47752808988764045 0.45962732919254656 0.45962732919254656 0.45962732919254656 0.4413793103448276 0.4413793103448276 0.5470085470085471 0.5321100917431193 0.5321100917431193 0.5321100917431193 0.5321100917431193 0.5327102803738317 0.5327102803738317 0.5327102803738317 0.5327102803738317 0.6612903225806451 0.6612903225806451 0.6612903225806451 0.6612903225806451 0.6612903225806451 0.6612903225806451 0.6612903225806451 0.6612903225806451 0.6612903225806451 0.6612903225806451 0.6612903225806451 0.6612903225806451 0.6296296296296297 0.6296296296296297 0.6296296296296297 0.6296296296296297 0.6296296296296297 0.6296296296296297 0.6296296296296297 0.6415094339622641 0.6415094339622641 0.6415094339622641 0.6415094339622641 0.6829268292682927 0.6388888888888888 0.6388888888888888 0.6388888888888888 0.6388888888888888 0.6388888888888888 0.6285714285714286 0.6285714285714286 0.6285714285714286 0.6176470588235294 0.5666666666666667 0.5666666666666667 0.5666666666666667 0.5666666666666667 0.5666666666666667 0.5666666666666667 0.5666666666666667 0.5666666666666667 0.5666666666666667 0.5666666666666667 0.5666666666666667 0.5666666666666667 0.5666666666666667 0.5666666666666667 0.5862068965517241 0.5862068965517241 0.5862068965517241 0.5862068965517241 0.5862068965517241 0.5862068965517241 0.5862068965517241 0.5862068965517241 0.6086956521739131 0.6086956521739131 0.875 0.8571428571428571 0.9 0.8888888888888888 0.8888888888888888 0.8888888888888888 0.8888888888888888 ];

f1=[0.5105315947843531 0.5105315947843531 0.5105315947843531 0.5066242713301536 0.5022421524663677 0.5119120342089187 0.5213333333333333 0.5370879120879121 0.5469571750563486 0.5011971268954509 0.4774774774774775 0.517786561264822 0.5182987141444115 0.39766081871345027 0.39766081871345027 0.35648754914809966 0.3569553805774278 0.24745269286754 0.24745269286754 0.24745269286754 0.24745269286754 0.22089552238805968 0.22089552238805968 0.22089552238805968 0.19571865443425074 0.19571865443425074 0.20447284345047922 0.18770226537216828 0.18770226537216828 0.18770226537216828 0.18770226537216828 0.1850649350649351 0.1850649350649351 0.1850649350649351 0.1850649350649351 0.1436077057793345 0.1436077057793345 0.1436077057793345 0.1436077057793345 0.1436077057793345 0.1436077057793345 0.1436077057793345 0.1436077057793345 0.1436077057793345 0.1436077057793345 0.1436077057793345 0.1436077057793345 0.1207815275310835 0.1207815275310835 0.1207815275310835 0.1207815275310835 0.1207815275310835 0.1207815275310835 0.1207815275310835 0.1209964412811388 0.1209964412811388 0.1209964412811388 0.1209964412811388 0.10181818181818184 0.08440366972477065 0.08440366972477065 0.08440366972477065 0.08440366972477065 0.08440366972477065 0.08088235294117647 0.08088235294117647 0.08088235294117647 0.07734806629834254 0.06307977736549165 0.06307977736549165 0.06307977736549165 0.06307977736549165 0.06307977736549165 0.06307977736549165 0.06307977736549165 0.06307977736549165 0.06307977736549165 0.06307977736549165 0.06307977736549165 0.06307977736549165 0.06307977736549165 0.06307977736549165 0.06319702602230484 0.06319702602230484 0.06319702602230484 0.06319702602230484 0.06319702602230484 0.06319702602230484 0.06319702602230484 0.06319702602230484 0.052631578947368425 0.052631578947368425 0.05333333333333334 0.04588910133843212 0.034682080924855495 0.030888030888030885 0.030888030888030885 0.030888030888030885 0.030888030888030885 ];

plot(x,p,'-r');
hold on;
plot(x,f1,'-b');
hold on;
set(gca,'xtick',[0:0.05:1]);
legend('P','F1','Location','NorthWest');