x=0.01:0.01:0.99;
p=[0.34276094276094277 0.34276094276094277 0.34276094276094277 0.3468795355587808 0.35137254901960785 0.37145390070921985 0.39455095862764883 0.41288278775079196 0.44282238442822386 0.4220430107526882 0.44093178036605657 0.5208747514910537 0.5219123505976095 0.4913294797687861 0.4913294797687861 0.5354330708661418 0.5375494071146245 0.47752808988764045 0.47752808988764045 0.47752808988764045 0.47752808988764045 0.45962732919254656 0.45962732919254656 0.45962732919254656 0.4413793103448276 0.4413793103448276 0.5470085470085471 0.5321100917431193 0.5321100917431193 0.5321100917431193 0.5321100917431193 0.5327102803738317 0.5327102803738317 0.5327102803738317 0.5327102803738317 0.6612903225806451 0.6612903225806451 0.6612903225806451 0.6612903225806451 0.6612903225806451 0.6612903225806451 0.6612903225806451 0.6612903225806451 0.6612903225806451 0.6612903225806451 0.6612903225806451 0.6612903225806451 0.6296296296296297 0.6296296296296297 0.6296296296296297 0.6296296296296297 0.6296296296296297 0.6296296296296297 0.6296296296296297 0.6415094339622641 0.6415094339622641 0.6415094339622641 0.6415094339622641 0.6829268292682927 0.6388888888888888 0.6388888888888888 0.6388888888888888 0.6388888888888888 0.6388888888888888 0.6285714285714286 0.6285714285714286 0.6285714285714286 0.6176470588235294 0.5666666666666667 0.5666666666666667 0.5666666666666667 0.5666666666666667 0.5666666666666667 0.5666666666666667 0.5666666666666667 0.5666666666666667 0.5666666666666667 0.5666666666666667 0.5666666666666667 0.5666666666666667 0.5666666666666667 0.5666666666666667 0.5862068965517241 0.5862068965517241 0.5862068965517241 0.5862068965517241 0.5862068965517241 0.5862068965517241 0.5862068965517241 0.5862068965517241 0.6086956521739131 0.6086956521739131 0.875 0.8571428571428571 0.9 0.8888888888888888 0.8888888888888888 0.8888888888888888 0.8888888888888888 ];
