x=0.01:0.01:0.99;
purity=[0.7636363636363637 0.7636363636363637 0.7636363636363637 0.7636363636363637 0.7636363636363637 0.7818181818181819 0.7636363636363637 0.7818181818181819 0.7636363636363637 0.7272727272727273 0.6909090909090909 0.6727272727272727 0.7090909090909091 0.6 0.6 0.5454545454545454 0.5454545454545454 0.4727272727272727 0.4727272727272727 0.4727272727272727 0.4727272727272727 0.45454545454545453 0.45454545454545453 0.45454545454545453 0.43636363636363634 0.43636363636363634 0.43636363636363634 0.43636363636363634 0.43636363636363634 0.43636363636363634 0.43636363636363634 0.43636363636363634 0.43636363636363634 0.43636363636363634 0.43636363636363634 0.4 0.4 0.4 0.4 0.4 0.4 0.4 0.4 0.4 0.4 0.4 0.4 0.38181818181818183 0.38181818181818183 0.38181818181818183 0.38181818181818183 0.38181818181818183 0.38181818181818183 0.38181818181818183 0.41818181818181815 0.41818181818181815 0.41818181818181815 0.41818181818181815 0.4 0.38181818181818183 0.38181818181818183 0.38181818181818183 0.38181818181818183 0.38181818181818183 0.38181818181818183 0.38181818181818183 0.38181818181818183 0.34545454545454546 0.32727272727272727 0.32727272727272727 0.32727272727272727 0.32727272727272727 0.32727272727272727 0.32727272727272727 0.32727272727272727 0.32727272727272727 0.32727272727272727 0.32727272727272727 0.32727272727272727 0.32727272727272727 0.32727272727272727 0.32727272727272727 0.32727272727272727 0.32727272727272727 0.32727272727272727 0.32727272727272727 0.32727272727272727 0.32727272727272727 0.32727272727272727 0.32727272727272727 0.32727272727272727 0.32727272727272727 0.34545454545454546 0.34545454545454546 0.36363636363636365 0.36363636363636365 0.36363636363636365 0.36363636363636365 0.36363636363636365 ];
