x=0.01:0.01:0.99;
ri=[0.34276094276094277 0.34276094276094277 0.34276094276094277 0.37306397306397304 0.402020202020202 0.46195286195286195 0.5164983164983165 0.5461279461279461 0.593939393939394 0.5791245791245792 0.6094276094276094 0.6713804713804714 0.672053872053872 0.6531986531986532 0.6531986531986532 0.6693602693602694 0.67003367003367 0.6518518518518519 0.6518518518518519 0.6518518518518519 0.6518518518518519 0.6484848484848484 0.6484848484848484 0.6484848484848484 0.6457912457912458 0.6457912457912458 0.6646464646464646 0.661952861952862 0.661952861952862 0.661952861952862 0.661952861952862 0.661952861952862 0.661952861952862 0.661952861952862 0.661952861952862 0.6707070707070707 0.6707070707070707 0.6707070707070707 0.6707070707070707 0.6707070707070707 0.6707070707070707 0.6707070707070707 0.6707070707070707 0.6707070707070707 0.6707070707070707 0.6707070707070707 0.6707070707070707 0.6666666666666666 0.6666666666666666 0.6666666666666666 0.6666666666666666 0.6666666666666666 0.6666666666666666 0.6666666666666666 0.6673400673400673 0.6673400673400673 0.6673400673400673 0.6673400673400673 0.6673400673400673 0.663973063973064 0.663973063973064 0.663973063973064 0.663973063973064 0.663973063973064 0.6632996632996633 0.6632996632996633 0.6632996632996633 0.6626262626262627 0.6599326599326599 0.6599326599326599 0.6599326599326599 0.6599326599326599 0.6599326599326599 0.6599326599326599 0.6599326599326599 0.6599326599326599 0.6599326599326599 0.6599326599326599 0.6599326599326599 0.6599326599326599 0.6599326599326599 0.6599326599326599 0.6606060606060606 0.6606060606060606 0.6606060606060606 0.6606060606060606 0.6606060606060606 0.6606060606060606 0.6606060606060606 0.6606060606060606 0.6606060606060606 0.6606060606060606 0.6653198653198653 0.663973063973064 0.6626262626262627 0.661952861952862 0.661952861952862 0.661952861952862 0.661952861952862 ];