x=0.01:0.01:0.99;
p=[0.2546583850931677 0.2546583850931677 0.2546583850931677 0.26277702397105385 0.27086247086247084 0.27132936507936506 0.2636968766001024 0.2827102803738318 0.28428303068252975 0.3102104442712393 0.2907861369399831 0.3030837004405286 0.30422264875239924 0.316950852557673 0.316950852557673 0.316950852557673 0.3616532721010333 0.3613348676639816 0.3502415458937198 0.644927536231884 0.644927536231884 0.644927536231884 0.644927536231884 0.644927536231884 0.644927536231884 0.644927536231884 0.6464891041162227 0.6464891041162227 0.6464891041162227 0.6464891041162227 0.6984126984126984 0.6984126984126984 0.6984126984126984 0.721763085399449 0.721763085399449 0.721763085399449 0.721763085399449 0.7038123167155426 0.7038123167155426 0.6644518272425249 0.6644518272425249 0.6644518272425249 0.6188679245283019 0.6188679245283019 0.6188679245283019 0.6188679245283019 0.6188679245283019 0.7161572052401747 0.7161572052401747 0.6467391304347826 0.6467391304347826 0.6467391304347826 0.6538461538461539 0.6538461538461539 0.6538461538461539 0.6538461538461539 0.7720588235294118 0.7720588235294118 0.7720588235294118 0.7720588235294118 0.7720588235294118 0.7720588235294118 0.7720588235294118 0.7720588235294118 0.7720588235294118 0.813953488372093 0.7931034482758621 0.8214285714285714 0.8214285714285714 0.8214285714285714 0.8181818181818182 0.8165137614678899 0.8165137614678899 0.8165137614678899 0.8165137614678899 0.8240740740740741 0.8240740740740741 0.8811881188118812 0.8811881188118812 0.8811881188118812 0.8811881188118812 0.8811881188118812 0.8811881188118812 0.8811881188118812 0.8811881188118812 0.8481012658227848 0.8481012658227848 0.8481012658227848 0.8481012658227848 0.8461538461538461 0.8441558441558441 0.8421052631578947 0.9846153846153847 1.0 1.0 1.0 1.0 1.0 1.0 ];
f1=[0.4059405940594059 0.4059405940594059 0.4059405940594059 0.41118188251946214 0.4210144927536231 0.4158114785252755 0.40109034267912763 0.41598624838848297 0.4104882459312839 0.4193888303477344 0.38264738598442716 0.3931428571428571 0.38261919130959565 0.3920595533498759 0.3920595533498759 0.3920595533498759 0.42395693135935403 0.4231805929919138 0.4019404019404019 0.5189504373177842 0.5189504373177842 0.5189504373177842 0.5189504373177842 0.5189504373177842 0.5189504373177842 0.5189504373177842 0.5194552529182879 0.5194552529182879 0.5194552529182879 0.5194552529182879 0.5317220543806647 0.5317220543806647 0.5317220543806647 0.5357873210633947 0.5357873210633947 0.5357873210633947 0.5357873210633947 0.502092050209205 0.502092050209205 0.43668122270742354 0.43668122270742354 0.43668122270742354 0.37272727272727274 0.37272727272727274 0.37272727272727274 0.37272727272727274 0.37272727272727274 0.38862559241706157 0.38862559241706157 0.29787234042553185 0.29787234042553185 0.29787234042553185 0.2986198243412798 0.2986198243412798 0.2986198243412798 0.2986198243412798 0.2796271637816245 0.2796271637816245 0.2796271637816245 0.2796271637816245 0.2796271637816245 0.2796271637816245 0.2796271637816245 0.2796271637816245 0.2796271637816245 0.28225806451612906 0.25170998632010944 0.2530949105914718 0.2530949105914718 0.2530949105914718 0.2482758620689655 0.2458563535911602 0.2458563535911602 0.2458563535911602 0.2458563535911602 0.24619640387275243 0.24619640387275243 0.2486033519553073 0.2486033519553073 0.2486033519553073 0.2486033519553073 0.2486033519553073 0.2486033519553073 0.2486033519553073 0.2486033519553073 0.1930835734870317 0.1930835734870317 0.1930835734870317 0.1930835734870317 0.1904761904761905 0.1878612716763006 0.18523878437047758 0.18823529411764706 0.18851251840942562 0.1831610044313146 0.1831610044313146 0.1804733727810651 0.1804733727810651 0.1804733727810651 ];

plot(x,p,'-r');
hold on;
plot(x,f1,'-b');
hold on;
set(gca,'xtick',[0:0.05:1]);
legend('P','F1','Location','NorthWest');