x=0.01:0.01:0.99;
p=[0.2546583850931677 0.2546583850931677 0.2546583850931677 0.26277702397105385 0.27086247086247084 0.27132936507936506 0.2636968766001024 0.2827102803738318 0.28428303068252975 0.3102104442712393 0.2907861369399831 0.3030837004405286 0.30422264875239924 0.316950852557673 0.316950852557673 0.316950852557673 0.3616532721010333 0.3613348676639816 0.3502415458937198 0.644927536231884 0.644927536231884 0.644927536231884 0.644927536231884 0.644927536231884 0.644927536231884 0.644927536231884 0.6464891041162227 0.6464891041162227 0.6464891041162227 0.6464891041162227 0.6984126984126984 0.6984126984126984 0.6984126984126984 0.721763085399449 0.721763085399449 0.721763085399449 0.721763085399449 0.7038123167155426 0.7038123167155426 0.6644518272425249 0.6644518272425249 0.6644518272425249 0.6188679245283019 0.6188679245283019 0.6188679245283019 0.6188679245283019 0.6188679245283019 0.7161572052401747 0.7161572052401747 0.6467391304347826 0.6467391304347826 0.6467391304347826 0.6538461538461539 0.6538461538461539 0.6538461538461539 0.6538461538461539 0.7720588235294118 0.7720588235294118 0.7720588235294118 0.7720588235294118 0.7720588235294118 0.7720588235294118 0.7720588235294118 0.7720588235294118 0.7720588235294118 0.813953488372093 0.7931034482758621 0.8214285714285714 0.8214285714285714 0.8214285714285714 0.8181818181818182 0.8165137614678899 0.8165137614678899 0.8165137614678899 0.8165137614678899 0.8240740740740741 0.8240740740740741 0.8811881188118812 0.8811881188118812 0.8811881188118812 0.8811881188118812 0.8811881188118812 0.8811881188118812 0.8811881188118812 0.8811881188118812 0.8481012658227848 0.8481012658227848 0.8481012658227848 0.8481012658227848 0.8461538461538461 0.8441558441558441 0.8421052631578947 0.9846153846153847 1.0 1.0 1.0 1.0 1.0 1.0 ];
