x=0.01:0.01:0.99;
purity=[0.8285714285714286 0.8285714285714286 0.8285714285714286 0.8428571428571429 0.8571428571428571 0.8285714285714286 0.8142857142857143 0.7857142857142857 0.7857142857142857 0.7571428571428571 0.7285714285714285 0.7428571428571429 0.7142857142857143 0.7 0.7 0.7 0.6857142857142857 0.6714285714285714 0.6571428571428571 0.6428571428571429 0.6428571428571429 0.6428571428571429 0.6428571428571429 0.6428571428571429 0.6428571428571429 0.6428571428571429 0.6285714285714286 0.6285714285714286 0.6285714285714286 0.6285714285714286 0.6142857142857143 0.6142857142857143 0.6142857142857143 0.6 0.6 0.6 0.6 0.5857142857142857 0.5857142857142857 0.5571428571428572 0.5571428571428572 0.5571428571428572 0.5285714285714286 0.5285714285714286 0.5285714285714286 0.5285714285714286 0.5285714285714286 0.5285714285714286 0.5285714285714286 0.4857142857142857 0.4857142857142857 0.4857142857142857 0.5 0.5 0.5 0.5 0.4857142857142857 0.4857142857142857 0.4857142857142857 0.4857142857142857 0.4857142857142857 0.4857142857142857 0.4857142857142857 0.4857142857142857 0.4857142857142857 0.5 0.4857142857142857 0.4857142857142857 0.4857142857142857 0.4857142857142857 0.4857142857142857 0.4857142857142857 0.4857142857142857 0.4857142857142857 0.4857142857142857 0.4857142857142857 0.4857142857142857 0.5285714285714286 0.5285714285714286 0.5285714285714286 0.5285714285714286 0.5285714285714286 0.5285714285714286 0.5285714285714286 0.5285714285714286 0.5 0.5 0.5 0.5 0.4714285714285714 0.4714285714285714 0.4714285714285714 0.4857142857142857 0.4714285714285714 0.45714285714285713 0.45714285714285713 0.42857142857142855 0.42857142857142855 0.42857142857142855 ];
