x=0.01:0.01:0.99;
ri=[0.2546583850931677 0.2546583850931677 0.2546583850931677 0.31097308488612835 0.33830227743271224 0.3635610766045549 0.36314699792960664 0.4372670807453416 0.4600414078674948 0.5436853002070393 0.5403726708074534 0.5602484472049689 0.5763975155279503 0.5942028985507246 0.5942028985507246 0.5942028985507246 0.6455486542443064 0.6455486542443064 0.6426501035196688 0.7950310559006211 0.7950310559006211 0.7950310559006211 0.7950310559006211 0.7950310559006211 0.7950310559006211 0.7950310559006211 0.7954451345755693 0.7954451345755693 0.7954451345755693 0.7954451345755693 0.8074534161490683 0.8074534161490683 0.8074534161490683 0.8120082815734989 0.8120082815734989 0.8120082815734989 0.8120082815734989 0.8028985507246377 0.8028985507246377 0.7863354037267081 0.7863354037267081 0.7863354037267081 0.7714285714285715 0.7714285714285715 0.7714285714285715 0.7714285714285715 0.7714285714285715 0.7863354037267081 0.7863354037267081 0.7677018633540372 0.7677018633540372 0.7677018633540372 0.7685300207039337 0.7685300207039337 0.7685300207039337 0.7685300207039337 0.7759834368530021 0.7759834368530021 0.7759834368530021 0.7759834368530021 0.7759834368530021 0.7759834368530021 0.7759834368530021 0.7759834368530021 0.7759834368530021 0.7788819875776397 0.7734989648033126 0.7751552795031056 0.7751552795031056 0.7751552795031056 0.7743271221532091 0.7739130434782608 0.7739130434782608 0.7739130434782608 0.7739130434782608 0.7743271221532091 0.7743271221532091 0.7772256728778468 0.7772256728778468 0.7772256728778468 0.7772256728778468 0.7772256728778468 0.7772256728778468 0.7772256728778468 0.7772256728778468 0.7681159420289855 0.7681159420289855 0.7681159420289855 0.7681159420289855 0.7677018633540372 0.767287784679089 0.7668737060041407 0.7714285714285715 0.7718426501035197 0.7710144927536232 0.7710144927536232 0.770600414078675 0.770600414078675 0.770600414078675 ];
