x=0.01:0.01:0.99;
f1=[0.07403627227761639 0.07403627227761639 0.07403627227761639 0.07468419593711638 0.07804676184564452 0.08073095401509951 0.0837300351470392 0.08919496556637377 0.0962396757810496 0.10422222222222222 0.10529860799281546 0.107501002807862 0.10895897946047166 0.10895897946047166 0.10940272028385571 0.11282740094022833 0.11282740094022833 0.1254775198354393 0.1391318564538543 0.20693943539360776 0.20946372239747632 0.2340335542083744 0.28413983123816083 0.28413983123816083 0.3412084465816433 0.43859177640419245 0.43859177640419245 0.47011261911637314 0.4789644012944983 0.4789644012944983 0.4789644012944983 0.4789644012944983 0.5316786414108426 0.5332459875532264 0.5339901477832513 0.5339901477832513 0.5460040295500336 0.6341653666146645 0.6359014470082127 0.6359014470082127 0.6472929936305732 0.660438667749797 0.6609686609686609 0.6617766911165444 0.6713517982637454 0.6713517982637454 0.6716294458229941 0.6716294458229941 0.6716294458229941 0.691358024691358 0.683399383531484 0.683399383531484 0.6987295825771326 0.7025547445255474 0.7041609510745315 0.6976102941176471 0.6909930715935334 0.6846261031119367 0.6846261031119367 0.6821777570963239 0.678345498783455 0.6793372319688108 0.6793372319688108 0.828537170263789 0.8221820373719108 0.8226779252110978 0.816969696969697 0.816969696969697 0.8109756097560974 0.7950464396284831 0.7819548872180451 0.7710843373493976 0.7703045685279188 0.762148337595908 0.7557840616966581 0.6191155492154066 0.6141732283464566 0.5916114790286976 0.5881481481481482 0.5701425356339085 0.5625942684766214 0.556060606060606 0.5553869499241274 0.5443425076452598 0.5342571208622017 0.5148205928237128 0.4796163069544364 0.46278317152103554 0.44134536505332245 0.4033613445378151 0.3382997370727432 0.31194295900178254 0.29982046678635543 0.2718978102189781 0.2218045112781955 0.1755062680810029 0.12115193644488578 0.1098901098901099 0.08316430020283977 ];


