x=0.01:0.01:0.99;

p=[0.03844115608821491 0.03844115608821491 0.03844115608821491 0.03879062114356232 0.04060804409611575 0.04206714649738477 0.0436983375127705 0.04668854415274463 0.050566037735849056 0.054992085360848916 0.0555917738398625 0.05682093530409498 0.05766134027003592 0.05766134027003592 0.05793198471848187 0.05986006737496761 0.05986006737496761 0.06740863525140106 0.07537643932683791 0.11721611721611722 0.11887711257519336 0.13495934959349593 0.16961348684210525 0.16961348684210525 0.2125 0.2937365010799136 0.2937365010799136 0.32301587301587303 0.3314332247557003 0.3314332247557003 0.3314332247557003 0.3314332247557003 0.38414346389806514 0.385781990521327 0.3867745004757374 0.3867745004757374 0.3995085995085995 0.5015422578655151 0.5037174721189591 0.5037174721189591 0.5181644359464627 0.5352205398288348 0.5363276089828269 0.5373924553275976 0.5501355013550135 0.5501355013550135 0.5505084745762712 0.5505084745762712 0.5505084745762712 0.577524893314367 0.5843373493975904 0.5843373493975904 0.6106264869151468 0.6164931945556446 0.6189710610932476 0.6155717761557178 0.6121112929623568 0.6090909090909091 0.6090909090909091 0.6077943615257048 0.6267985611510791 0.6284941388638413 0.6284941388638413 0.953103448275862 0.952513966480447 0.9538461538461539 0.9533239038189534 0.9533239038189534 0.9540889526542324 0.9553571428571429 0.9555895865237366 0.9589905362776026 0.9589257503949447 0.9597423510466989 0.9592169657422512 0.9455337690631809 0.9449339207048458 0.9663461538461539 0.9754299754299754 0.9743589743589743 0.9738903394255874 0.9734748010610079 0.976 0.9753424657534246 0.9747191011235955 0.9734513274336283 0.974025974025974 0.9761092150170648 0.9746376811594203 0.97165991902834 0.9747474747474747 0.9776536312849162 0.9766081871345029 0.9738562091503268 0.9752066115702479 0.9680851063829787 0.953125 0.9482758620689655 0.9534883720930233 ];

f1=[0.07403627227761639 0.07403627227761639 0.07403627227761639 0.07468419593711638 0.07804676184564452 0.08073095401509951 0.0837300351470392 0.08919496556637377 0.0962396757810496 0.10422222222222222 0.10529860799281546 0.107501002807862 0.10895897946047166 0.10895897946047166 0.10940272028385571 0.11282740094022833 0.11282740094022833 0.1254775198354393 0.1391318564538543 0.20693943539360776 0.20946372239747632 0.2340335542083744 0.28413983123816083 0.28413983123816083 0.3412084465816433 0.43859177640419245 0.43859177640419245 0.47011261911637314 0.4789644012944983 0.4789644012944983 0.4789644012944983 0.4789644012944983 0.5316786414108426 0.5332459875532264 0.5339901477832513 0.5339901477832513 0.5460040295500336 0.6341653666146645 0.6359014470082127 0.6359014470082127 0.6472929936305732 0.660438667749797 0.6609686609686609 0.6617766911165444 0.6713517982637454 0.6713517982637454 0.6716294458229941 0.6716294458229941 0.6716294458229941 0.691358024691358 0.683399383531484 0.683399383531484 0.6987295825771326 0.7025547445255474 0.7041609510745315 0.6976102941176471 0.6909930715935334 0.6846261031119367 0.6846261031119367 0.6821777570963239 0.678345498783455 0.6793372319688108 0.6793372319688108 0.828537170263789 0.8221820373719108 0.8226779252110978 0.816969696969697 0.816969696969697 0.8109756097560974 0.7950464396284831 0.7819548872180451 0.7710843373493976 0.7703045685279188 0.762148337595908 0.7557840616966581 0.6191155492154066 0.6141732283464566 0.5916114790286976 0.5881481481481482 0.5701425356339085 0.5625942684766214 0.556060606060606 0.5553869499241274 0.5443425076452598 0.5342571208622017 0.5148205928237128 0.4796163069544364 0.46278317152103554 0.44134536505332245 0.4033613445378151 0.3382997370727432 0.31194295900178254 0.29982046678635543 0.2718978102189781 0.2218045112781955 0.1755062680810029 0.12115193644488578 0.1098901098901099 0.08316430020283977 ];

plot(x,p,'-r');
hold on;
plot(x,f1,'-b');
hold on;
set(gca,'xtick',[0:0.05:1]);
legend('P','F1','Location','NorthWest');
