x=0.01:0.01:0.99;
p=[0.03844115608821491 0.03844115608821491 0.03844115608821491 0.03879062114356232 0.04060804409611575 0.04206714649738477 0.0436983375127705 0.04668854415274463 0.050566037735849056 0.054992085360848916 0.0555917738398625 0.05682093530409498 0.05766134027003592 0.05766134027003592 0.05793198471848187 0.05986006737496761 0.05986006737496761 0.06740863525140106 0.07537643932683791 0.11721611721611722 0.11887711257519336 0.13495934959349593 0.16961348684210525 0.16961348684210525 0.2125 0.2937365010799136 0.2937365010799136 0.32301587301587303 0.3314332247557003 0.3314332247557003 0.3314332247557003 0.3314332247557003 0.38414346389806514 0.385781990521327 0.3867745004757374 0.3867745004757374 0.3995085995085995 0.5015422578655151 0.5037174721189591 0.5037174721189591 0.5181644359464627 0.5352205398288348 0.5363276089828269 0.5373924553275976 0.5501355013550135 0.5501355013550135 0.5505084745762712 0.5505084745762712 0.5505084745762712 0.577524893314367 0.5843373493975904 0.5843373493975904 0.6106264869151468 0.6164931945556446 0.6189710610932476 0.6155717761557178 0.6121112929623568 0.6090909090909091 0.6090909090909091 0.6077943615257048 0.6267985611510791 0.6284941388638413 0.6284941388638413 0.953103448275862 0.952513966480447 0.9538461538461539 0.9533239038189534 0.9533239038189534 0.9540889526542324 0.9553571428571429 0.9555895865237366 0.9589905362776026 0.9589257503949447 0.9597423510466989 0.9592169657422512 0.9455337690631809 0.9449339207048458 0.9663461538461539 0.9754299754299754 0.9743589743589743 0.9738903394255874 0.9734748010610079 0.976 0.9753424657534246 0.9747191011235955 0.9734513274336283 0.974025974025974 0.9761092150170648 0.9746376811594203 0.97165991902834 0.9747474747474747 0.9776536312849162 0.9766081871345029 0.9738562091503268 0.9752066115702479 0.9680851063829787 0.953125 0.9482758620689655 0.9534883720930233 ];
