x=0.01:0.01:0.99;
purity=[0.7757847533632287 0.7757847533632287 0.7757847533632287 0.7802690582959642 0.7847533632286996 0.7892376681614349 0.7937219730941704 0.7937219730941704 0.7982062780269058 0.8071748878923767 0.8116591928251121 0.820627802690583 0.8251121076233184 0.8251121076233184 0.820627802690583 0.8161434977578476 0.8161434977578476 0.8026905829596412 0.8161434977578476 0.8071748878923767 0.8071748878923767 0.8071748878923767 0.8161434977578476 0.8161434977578476 0.8161434977578476 0.8161434977578476 0.8161434977578476 0.8116591928251121 0.8295964125560538 0.8295964125560538 0.8295964125560538 0.8295964125560538 0.8340807174887892 0.8295964125560538 0.8251121076233184 0.8251121076233184 0.8251121076233184 0.8251121076233184 0.820627802690583 0.820627802690583 0.8251121076233184 0.8251121076233184 0.8251121076233184 0.8295964125560538 0.8340807174887892 0.8340807174887892 0.8295964125560538 0.8295964125560538 0.8295964125560538 0.8385650224215246 0.8251121076233184 0.8251121076233184 0.8295964125560538 0.8340807174887892 0.8385650224215246 0.8340807174887892 0.8295964125560538 0.8161434977578476 0.8161434977578476 0.8116591928251121 0.8026905829596412 0.8071748878923767 0.8071748878923767 0.7982062780269058 0.7937219730941704 0.7937219730941704 0.7892376681614349 0.7892376681614349 0.7802690582959642 0.7623318385650224 0.7533632286995515 0.7399103139013453 0.7309417040358744 0.726457399103139 0.7219730941704036 0.6816143497757847 0.6771300448430493 0.6636771300448431 0.6502242152466368 0.6457399103139013 0.6412556053811659 0.6367713004484304 0.6412556053811659 0.6367713004484304 0.6188340807174888 0.6053811659192825 0.5919282511210763 0.57847533632287 0.5605381165919282 0.5426008968609866 0.5291479820627802 0.5201793721973094 0.5112107623318386 0.4977578475336323 0.484304932735426 0.45739910313901344 0.4080717488789238 0.3991031390134529 0.3811659192825112 ];
