x=0.01:0.01:0.99;
ri=[0.047065002221952895 0.047065002221952895 0.047065002221952895 0.05599321294388559 0.09994748111340039 0.13424635397729567 0.16797963883165676 0.22526562436876338 0.2882882882882883 0.34860420959075666 0.35603765200177756 0.37078333939320485 0.38484224134448347 0.38484224134448347 0.3915888983153557 0.4129600452470408 0.4129600452470408 0.5190885953217792 0.5745566193996687 0.7423746616571729 0.7468993657334464 0.7805114531571931 0.8320607603118814 0.8320607603118814 0.8727022987112674 0.91560618914879 0.91560618914879 0.9258675716074819 0.928453116793924 0.928453116793924 0.928453116793924 0.928453116793924 0.9420676281662829 0.9424312204581263 0.9426736153193552 0.9426736153193552 0.9453803579364117 0.9621056033612088 0.9623883973659758 0.9623883973659758 0.9642063588251929 0.9662263160021007 0.9663475134327152 0.9664687108633297 0.9678826808871652 0.9678826808871652 0.9679230800307034 0.9679230800307034 0.9679230800307034 0.9707106209348362 0.9709530157960651 0.9709530157960651 0.9731749686906638 0.9736597584131217 0.9738617541308124 0.9734173635518927 0.972972972972973 0.9725689815375914 0.9725689815375914 0.9724073849634388 0.9732961661212782 0.9734173635518927 0.9734173635518927 0.9884458449480871 0.9880822526562437 0.9881226517997819 0.9877994586514766 0.9877994586514766 0.9874762655031714 0.98662788348887 0.9859410980487213 0.9854159091827254 0.9853755100391872 0.9849715186038056 0.9846483254555003 0.9784268573506242 0.9782248616329334 0.9775784753363229 0.9775380761927848 0.976851290752636 0.9765684967478689 0.97632610188664 0.97632610188664 0.9759221104512584 0.975558518159415 0.9748717327192663 0.9737001575566598 0.9731749686906638 0.9724881832505151 0.9713166080879085 0.9694986466286915 0.9688118611885428 0.9684886680402376 0.9677614834565508 0.966549509150406 0.9654587322748758 0.964246757968731 0.9640043631075021 0.9634791742415061 ];
